 3_17,  3,48, 51, 60, 60
 ex-1,  3,44, 28, 28, 28
 Fredkin gate,  3,38, 27, 27, 27
 ham3,  3,52, 13, 36, 36
 Miller gate,  3,47, 50, 50, 50
 one-two-three,  3,53, 40, 42, 42
 Peres gate,  3,50, 10, 10, 10
 Toffoli gate,  3,49, 9, 9, 9
 4_49,  4,54, 245, 338, 351, 351
 aj-e11,  4,54, 177, 243, 328, 395
 f2,  4,51, 0, 0, 0, 0
 hwb4,  4,55, 191, 203, 151, 348
 Doubled Toffoli gate,  4,51, 26, 26, 26, 26
 hwb5_13,  5,57, 1060, 1026, 1099, 1803, 2332
 mod5d1,  5,54, 84, 84, 84, 84, 84
 mod5d2,  5,57, 703, 684, 1359, 1436, 2115
 mod5mils_18,  5,52, 81, 81, 68, 68, 68
 graycode6,  6,54, 5, 5, 5, 5, 5, 5
 hwb6_14,  6,40, 7182, 7334, 6872, 7330, 7937, 12832
 mod5adder,  6,52, 1159, 1329, 1697, 1792, 1722, 1726
 ham7,  7,60, 39864, 37672, 35665, 33344, 35142, 36063, 55149
 hwb7_15,  7,63, 42090, 39413, 37993, 36970, 36063, 38403, 48586
 hwb8_64,  8,131, 197274, 184683, 170656, 172095, 167850, 161723, 169972, 199815
 mlp4,  8,75, 59888, 55941, 55941, 52435, 50598, 51902, 86971, 62831
 urf2,  8,118, 189165, 173736, 165319, 162597, 164513, 162799, 161310, 218376
 hwb9,  9,382, 839049, 784687, 744404, 716398, 707827, 707343, 693377, 707300, 837250
 urf1,  9,95, 810853, 738962, 721016, 676740, 688622, 684657, 676053, 682804, 823408
 urf5,  9,66, 299502, 277932, 273240, 263986, 252800, 258888, 272726, 285075, 327371
 urf3,  10,295, 2513529, 2307532, 2180925, 2099320, 2101203, 2074998, 2057555, 2083549, 2109843, 2378930
 cycle10_2,  12,2106, 33124, 19987, 19987, 19987, 19987, 19987, 19987, 19987, 19987, 19987, 19987, 19987
 plus63mod4096,  12,2982, 25641132, 24751827, 17434134, 11111331, 6960181, 4176893, 2144381, 2052763, 2150556, 2130281, 2064045, 2740961
 plus127mod8192,  13,2617, 127560583, 124899186, 83025876, 53576938, 31912930, 17991204, 9734592, 9197032, 9104770, 8661212, 8934615, 8855420, 10229734
 plus63mod8192,  13,2106, 74910872, 73240414, 51814777, 34213092, 22382674, 13649795, 8144899, 4633102, 4061761, 3634070, 4455904, 4506386, 5565320
