 3_17,  3,48, 27, 28, 28
 ex-1,  3,44, 16, 16, 16
 Fredkin gate,  3,38, 15, 15, 15
 ham3,  3,52, 9, 20, 20
 Miller gate,  3,47, 26, 26, 26
 one-two-three,  3,53, 24, 22, 22
 Peres gate,  3,50, 6, 6, 6
 Toffoli gate,  3,49, 5, 5, 5
 4_49,  4,54, 105, 141, 147, 147
 aj-e11,  4,54, 79, 97, 138, 165
 f2,  4,51, 1, 7, 2, 1
 hwb4,  4,55, 83, 83, 67, 144
 Doubled Toffoli gate,  4,51, 10, 10, 10, 10
 hwb5_13,  5,57, 402, 378, 417, 647, 834
 mod5d1,  5,54, 24, 24, 24, 24, 24
 mod5d2,  5,57, 277, 244, 491, 506, 763
 mod5mils_18,  5,52, 25, 25, 20, 20, 20
 graycode6,  6,54, 5, 5, 5, 5, 5, 5
 hwb6_14,  6,40, 2444, 2476, 2314, 2460, 2675, 4208
 mod5adder,  6,52, 405, 461, 573, 602, 576, 576
 ham7,  7,60, 12502, 11794, 11215, 10464, 11116, 11409, 17201
 hwb7_15,  7,63, 13282, 12359, 11951, 11666, 11403, 12085, 15206
 hwb8_64,  8,131, 60004, 56127, 51802, 52353, 51112, 49173, 51638, 60655
 mlp4,  8,75, 18490, 17275, 17339, 16261, 15678, 15778, 13888, 14519
 urf2,  8,118, 57437, 52770, 50209, 49403, 50027, 49519, 49052, 66142
 hwb9,  9,382, 252197, 235637, 223336, 214986, 212381, 212163, 208067, 212142, 251478
 urf1,  9,95, 243707, 221766, 216412, 203032, 206698, 205429, 202953, 204976, 247324
 urf5,  9,66, 89878, 83402, 81898, 79146, 75816, 77646, 81730, 85453, 98221
 urf3,  10,295, 756541, 693212, 653849, 630096, 630259, 622580, 617101, 624933, 632581, 714802
 cycle10_2,  12,2106, 10122, 6079, 6079, 6079, 6079, 6079, 6079, 6079, 6079, 6079, 6079, 6079
 plus63mod4096,  12,2982, 8001476, 7719937, 5427998, 3450507, 2157669, 1294897, 666381, 636797, 669088, 658077, 638485, 850847
 plus127mod8192,  13,2617, 40299251, 39414566, 26146900, 16849620, 10021776, 5642038, 3052954, 2881666, 2852304, 2719878, 2801085, 2773808, 3216450
 plus63mod8192,  13,2106, 23747354, 23205842, 16384617, 10805148, 7052285, 4304599, 2562793, 1457038, 1280169, 1141400, 1401005, 1415074, 1754858
